time,x,y,z,phi,theta,psi,x_velocity,y_velocity,z_velocity,phi_velocity,theta_velocity,psi_velocity,rotor_speed1,rotor_speed2,rotor_speed3,rotor_speed4
0.06,-7.659350065730128e-07,-1.587199127603236e-08,10.003473457933229,6.283164275704657,0.000584700135972227,0.0,-6.117654438081001e-05,-1.6165628229572266e-06,0.11577644976948241,-0.0010610178158513642,0.02431037187960806,0.0,440.69435498821935,442.698793767155,442.1004394157906,442.01303269083655
0.12000000000000001,-2.401214404588298e-05,-9.416203454495478e-07,10.015171200831295,6.282934382672618,0.0023912745806633495,0.0,-0.0008965217609776279,-4.473752318355534e-05,0.2741226627570984,-0.010045660127271424,0.039725917750468326,0.0,454.04372372669445,455.2788355087782,455.822327632085,455.1039571759261
0.18,-0.0001477116161564322,-1.2294704127008627e-05,10.038326151336914,6.282480710132763,0.005363008812742542,0.0,-0.003554704323156642,-0.00039672075424042373,0.4976368680017219,-0.0030052373974927813,0.06415594679462963,0.0,473.421745060737,475.2987288319611,474.5367844509144,475.0769446056995
0.23999999999999996,-0.0004993219800433739,-5.2772874243269055e-05,10.073078811851556,6.282259648792458,0.010051254999604353,0.0,-0.008650522014197089,-0.0009747949781515681,0.6607012292761082,-0.005078496602173358,0.0970635369455128,0.0,456.0710528737324,458.695809545566,456.216548482046,456.0510750088189
0.3,-0.0012449899983257605,-0.00013130475932079458,10.11543308171324,6.28189729527114,0.015709898922940724,0.0,-0.01678255896769444,-0.0016763445872016048,0.7510452554133852,-0.00803352351790823,0.08814703861655938,0.0,434.38397453101896,433.643464769871,434.7235545533462,434.47600834675956
0.36000000000000004,-0.0026183438673084876,-0.00026140687329395044,10.164792412459159,6.281953715109271,0.020646605752409286,0.0,-0.029552522635691768,-0.00267867785084678,0.8941544170348548,0.014614496262541195,0.0667266324675475,0.0,452.0669872069272,450.34313637284373,449.879523598432,451.7093693531851
0.4200000000000001,-0.004871629300289438,-0.0004457951299768293,10.223228459662947,6.283118054695841,0.024662311270217785,0.0,-0.045998434988866,-0.0033528170675611543,1.053570189034718,0.027585322019605465,0.06732878783115623,0.0,455.6872091820271,455.7385607167878,456.252987537951,457.28721411382173
0.48000000000000015,-0.008114599066344754,-0.0006424710023221361,10.287793577723173,0.001497341158125387,0.028455858960015235,0.0,-0.06246868744135652,-0.0030517925505167856,1.09854786221849,0.02287456063352883,0.053409652769790136,0.0,421.06522440085365,419.86258698111584,420.3175543528657,419.9093240767079
0.5400000000000001,-0.012486314935451838,-0.0007880131260089371,10.357509482718525,0.002502833787453085,0.03158541017091121,0.0,-0.08358729482200646,-0.001669378936479947,1.2251772569971342,0.00026699012326225624,0.04953404713831556,0.0,446.9477094582907,446.63351335479473,447.3031637600448,445.4584291167705
0.6000000000000002,-0.01812581484199384,-0.000839127422155334,10.432776279935805,0.002894881100362845,0.03463831378308235,0.0,-0.104683119520942,-1.288077105501557e-05,1.2836414487351904,0.016792919002721403,0.05344844894120723,0.0,424.6629998225279,425.0003794127379,424.76971174761326,426.18434300887503
0.6600000000000003,-0.025181016131761536,-0.0007724056851797542,10.51407103614835,0.003646633198930438,0.03851154865774564,0.0,-0.13087465526153613,0.0023335275352785014,1.4260010099633607,0.002236035082835628,0.08060898760526405,0.0,450.628321550483,452.8211173524249,452.70989764678313,451.53708729159507
0.7200000000000003,-0.03389085277332657,-0.0005525957117659992,10.603712944862165,0.0037563190223073306,0.043290011149579755,0.0,-0.15996266110885615,0.005005839574485399,1.5618637080034057,0.0009994137853418582,0.07763254716093994,0.0,449.75768420797573,449.5215836641179,451.0624657659438,450.96255838222663
0.7800000000000004,-0.044609182987330145,-0.00015665207360941594,10.705117834301172,0.0038967005559529255,0.04809370799004409,0.0,-0.1978913611583703,0.008203453313903573,1.8178978705330273,0.004894050782974836,0.08452145326966644,0.0,486.37572418148466,486.89587402952395,486.13724601570317,486.4289144838448
0.8400000000000004,-0.057445687891129055,0.00041302156675375045,10.816147125632684,0.0038321604689661726,0.053194077119121275,0.0,-0.23048013101340195,0.010800106680692449,1.882945016619593,-0.01701649810849821,0.08595772009884214,0.0,429.19016887212354,429.31825721730297,430.1353537816385,428.27594496574153
0.9000000000000005,-0.0722003790905799,0.001123218980969154,10.928534731728483,0.002823665214198634,0.05830624323856615,0.0,-0.2617785473040128,0.012787616682738078,1.8633133242982354,-0.016395011529484263,0.08364950363901488,0.0,400.34357254707095,400.14035057320524,401.9621546704171,402.0185187875011
0.9600000000000005,-0.0893436508445994,0.0019556694158531385,11.046883834089893,0.0026074263687734245,0.06310231105164288,0.0,-0.3102306846892824,0.014897250224281967,2.081243490159739,0.01418565201191732,0.07122253760143216,0.0,477.68903133836346,476.74513260315155,474.7508666988109,477.09138040471163
1.0200000000000005,-0.10962495051861987,0.0029213831081327467,11.18014052190667,0.0032573056856506355,0.06696801211747783,0.0,-0.366309950904942,0.01738931767335235,2.360068941205115,0.003098178473350672,0.045208489974598226,0.0,495.9653545262238,494.0535831499682,495.19217965011103,494.3758229169485
1.0800000000000005,-0.13342002695104896,0.004053240311867126,11.330941325519701,0.0035356700485600356,0.06966496042314763,0.0,-0.427174769235355,0.020367900971855517,2.6659263862760696,0.007556409669163904,0.044425482723654625,0.0,504.3623464084452,504.3066954230278,502.6920193242617,503.01487457353124
1.1400000000000006,-0.1603052893013937,0.00534002876105003,11.491056531016678,0.004242556349628224,0.07184731851713355,0.0,-0.46922414799532697,0.022576929541667106,2.671210122338182,0.01911755709251998,0.010911949500094534,0.0,415.23073600140003,412.2808456668104,412.7592755551339,413.77821066010324
1.2000000000000006,-0.18995373275686347,0.006786686028055138,11.654353812005251,0.005175202247730937,0.07193683873463197,0.0,-0.5190997546631183,0.02575119139484623,2.771779128594148,0.007217403676220654,-0.03463998135266789,0.0,447.3179768910421,443.5930369510901,444.2537516520247,443.27683728010504
1.2600000000000007,-0.22241782338516455,0.008428018016753937,11.82133272774346,0.005477870123782758,0.0696074549739043,0.0,-0.5628407878496909,0.02899327275539429,2.7941376065561236,0.00029957344000794113,-0.04887548575325177,0.0,420.2890038207239,419.052478008021,420.3459894622011,419.74598199136744
1.3200000000000007,-0.25788420750109387,0.010301567204243665,11.99574611093101,0.005063434217597695,0.06715056590847901,0.0,-0.6190191344629422,0.03343947540653382,3.019086699759044,-0.02799082042257426,-0.028542489417718375,0.0,481.8719929549817,483.4057539323826,483.8049455807042,481.6702850886767
1.3800000000000008,-0.29613810593340784,0.01238657387115086,12.175744923337833,0.002892165488448839,0.06576024809287073,0.0,-0.6559997152587987,0.03591221605212798,2.98097859734833,-0.062499330037357685,-0.01415670209183369,0.0,400.14081087526813,401.44817807369475,402.1036230612493,398.96404205073287
1.4400000000000008,-0.33688052814011316,0.014587223103125093,12.357852958145896,6.282317242158273,0.06495980674611879,0.0,-0.7019844463186208,0.03705458743019453,3.0890004643375355,-0.06301492100011596,-0.011756704019318503,0.0,448.26193344221946,448.45704030618236,448.7436458454912,448.69899140013746
1.5000000000000009,-0.38045656935332306,0.01677542235184513,12.547815547223117,6.278242960930058,0.06430462475113963,0.0,-0.750455746383361,0.03545690639295023,3.242655648086091,-0.0801151398933958,-0.009296147537019303,0.0,462.6058041099134,462.7996457826822,464.2514624925259,462.9043766019204
1.560000000000001,-0.4269013355465257,0.01877565367574987,12.746564437011541,6.273736718139723,0.06423312572081397,0.0,-0.7976552003771594,0.03071940924556435,3.381893141101693,-0.06660753530445519,0.01143624927251589,0.0,458.8065548322685,460.44972187915016,459.1750167759361,460.2410649374169
1.620000000000001,-0.4763049677065398,0.020377107511705978,12.955565496942237,6.2700421447483485,0.06483289194858077,0.0,-0.84917608996152,0.02222021398594266,3.584171125220806,-0.053049542451679865,0.00694790642159008,0.0,480.1417793170395,479.8010037936804,478.1238766106154,479.1532473041742
1.680000000000001,-0.5287888744767117,0.021389481584324844,13.176304650323855,6.266825693780991,0.06502878908793086,0.0,-0.9002932932788728,0.011165761745965709,3.773172114882813,-0.05474704637357407,-0.0053649201328401985,0.0,477.46802686686107,476.5276530275826,476.4657242662491,476.3342379458845
1.740000000000001,-0.5842222624572746,0.021694516097896497,13.406523585980556,6.263372242376866,0.06456806129611792,0.0,-0.9474275513931408,-0.0013469405117707296,3.900350082662693,-0.06386940469609924,-0.012762740320585629,0.0,459.0734658230942,458.4861644125967,460.5563323012937,459.8320189116561
1.8000000000000012,-0.6423509493352849,0.021211777192379842,13.642458179413156,6.259572307372965,0.06391891125851412,0.0,-0.9901242382506774,-0.015108386603228895,3.963904311725496,-0.06227950604379979,-0.007190761788008718,0.0,440.5962146349186,441.0567990004973,440.3506993207072,440.4792536945168
1.8600000000000012,-0.7031209195194847,0.019795447290389474,13.88359341696324,6.255559674798892,0.06326293661074978,0.0,-1.035473292514396,-0.03249146252489526,4.07353292388786,-0.07817200319907582,-0.01972674688593655,0.0,455.56778338750024,454.56435585372657,456.60237521928354,455.32932649933446
1.9200000000000013,-0.7664743648518269,0.01730456625501813,14.129349936437386,6.251302867990415,0.062104499354549425,0.0,-1.0762012645012444,-0.05095017754067811,4.118177267634135,-0.05943029235293597,-0.018481360335450826,0.0,435.61188578290603,435.71605921121005,435.4430222363478,437.0040615178383
1.9800000000000013,-0.8321662515949142,0.013674296427546534,14.376394723155792,6.248099414299817,0.060817679942004155,0.0,-1.1134387785470696,-0.0703513375767171,4.116644439235514,-0.043445546292304744,-0.028157873565421997,0.0,421.1581031808519,420.3201991044173,421.0229022321845,422.4016386725603
2.0400000000000014,-0.9002979033464141,0.008693110859001053,14.627089262984153,6.2451656369733275,0.05934022599483324,0.0,-1.1574375943333461,-0.09596032359156305,4.239380595001296,-0.06296989727841187,-0.01835807479047356,0.0,459.44475442620774,460.2210492110726,462.37788185034486,460.83554121569614
2.1000000000000014,-0.9709216086311749,0.002187658816462799,14.883092429380998,6.241212150301038,0.05853100184725779,0.0,-1.1965982531027963,-0.12124728276360569,4.293835163515285,-0.07248602524543342,-0.005190259870139691,0.0,441.04560791364196,442.1320272661625,439.71848618868825,438.92605952353523
2.1600000000000015,-1.0438009596751172,-0.005851744514074803,15.140926386011769,6.237030528063713,0.05845679398221115,0.0,-1.2327090670790681,-0.14710685028986947,4.30057758489933,-0.06462660361881506,0.005685044181129457,0.0,424.74452215806264,425.6763141691756,425.4618040226634,426.13029526051565
2.2200000000000015,-1.1190743777413161,-0.015695167437043474,15.402980680316281,6.2329351948775304,0.05840471410838877,0.0,-1.2764085924100197,-0.1814069375035312,4.4340142619982625,-0.07673007488842826,-0.019090068494984756,0.0,467.2834209064993,465.34794349861926,465.1638039591507,464.21158354670865
2.2800000000000016,-1.1972099855592577,-0.02790234222638257,15.677222904078176,6.228140077127737,0.05682340785696649,0.0,-1.3278991893230307,-0.22604007929232897,4.706265968349147,-0.08720600437091097,-0.04770639269309934,0.0,508.0574938249409,506.00126385525465,506.63861758497126,505.88046357345036
2.3400000000000016,-1.2780981049562194,-0.04262461168440033,15.962627110555394,6.222469067782864,0.054288361628471726,0.0,-1.3680938053057516,-0.26522815653552234,4.8067641027820995,-0.11606315460471556,-0.03311624347728085,0.0,458.6520891138053,459.8085744061903,459.7671029192473,457.46702378883487
2.4000000000000017,-1.3611742390657582,-0.05961737465099767,16.250760163434883,6.215851457602344,0.052429872824721,0.0,-1.4009663236854697,-0.30178103990939653,4.797673818140643,-0.10072410786841943,-0.027004036008088303,0.0,425.12454072884935,425.64763775004866,424.098532450429,425.40266595781117
2.4600000000000017,-1.4464594861021476,-0.07926160080156516,16.543386261513156,6.209441378125405,0.05028453062493643,0.0,-1.4416634256495129,-0.3536630860086619,4.9557986742015725,-0.12328394646486769,-0.06578617542766983,0.0,478.5876200434814,475.62548685156594,478.0620910640154,476.3303226944118
2.520000000000002,-1.5340193893558784,-0.10199640667925992,16.843217904269608,6.202626291416273,0.04623481461680434,0.0,-1.4766084580233991,-0.40483887803697727,5.038189865021275,-0.09908242724857601,-0.07115152942865231,0.0,456.52149850722094,456.08982963362956,454.3326544312633,456.25765376053255
2.580000000000002,-1.6233566110542685,-0.12750080433292163,17.142687018781075,6.196886520109251,0.04236987041971485,0.0,-1.501045182326313,-0.44577108085619943,4.944508193506255,-0.08958089862400045,-0.05353588314704691,0.0,397.4594622608396,399.0672449969599,398.71967289248255,399.57796087281156
2.640000000000002,-1.7143308653572498,-0.15600594296354575,17.441798217886944,6.191068647586871,0.03893238008013178,0.0,-1.5311077893475398,-0.5049174586380534,5.025465591338718,-0.1188605619760708,-0.06611861112979792,0.0,455.79745677156785,454.78838241394635,456.67006530503977,454.31990079182935
2.700000000000002,-1.8070951358122282,-0.1883133868220728,17.747148399003258,6.18438552548367,0.03520736560988613,0.0,-1.5606284415296379,-0.5726732299146943,5.1522426072642205,-0.09955311021166086,-0.0550397343972188,0.0,470.1251017636388,470.9802775201966,469.0287876114835,470.5156058144711
2.760000000000002,-1.9014539203198302,-0.22452766606581584,18.057116919287562,6.178187506925351,0.0314560761984497,0.0,-1.5843656891593847,-0.6350117419314539,5.179858719540351,-0.11209952431456331,-0.08491119603085555,0.0,442.0820742355319,439.61020609475054,441.28955901877487,440.2430264031717
2.820000000000002,-1.9970716890539495,-0.26427197602558616,18.365658214752056,6.171316516702106,0.026589775859299003,0.0,-1.60254954602275,-0.6903546561272035,5.10514650304913,-0.11984566158555962,-0.0744151414249129,0.0,407.11419185936916,408.0464076075117,407.1538893492277,406.4470626297072
2.880000000000002,-2.0937380119871967,-0.30755888501999296,18.670714596729628,6.16423974895109,0.021976569003512303,0.0,-1.6193204570388253,-0.7531433392749735,5.063521855891445,-0.11439787926858908,-0.08235182781397962,0.0,418.6903415008018,417.99402511606183,417.1379073824588,417.5999557450482
2.940000000000002,-2.191374252947809,-0.3549342944462872,18.974964888332767,6.157644764872462,0.01714102601214229,0.0,-1.6348042616026763,-0.8266312915232529,5.078014567065195,-0.10220049407561783,-0.07728919316555556,0.0,436.39734447485654,436.81442049222056,435.1639370226237,436.1728935110981
3.000000000000002,-2.28988493554611,-0.40705204897963526,19.28176249268394,6.151612244781067,0.01248121353997167,0.0,-1.6484455777882983,-0.9111820025835945,5.148168435901638,-0.09741816166686468,-0.07842248943645554,0.0,454.1678115993012,454.0722387159414,453.8888647034284,454.2640605882437
3.0600000000000023,-2.389089460478716,-0.46394680568820984,19.58964233900196,6.145526578074243,0.008174029735068089,0.0,-1.6580231075006313,-0.9858221261725235,5.114564309553545,-0.11097007310423249,-0.061038905149573,0.0,420.6593700349554,422.1578540407121,422.13264646363996,420.95174084741416
3.1200000000000023,-2.4888404078339033,-0.526112861432497,19.900415103450044,6.138858840394612,0.004226857022082697,0.0,-1.6666160626873319,-1.0870056641995562,5.243802311537677,-0.11144835977556403,-0.0775461124463234,0.0,473.8928140615611,472.61905079173226,472.5111528996293,472.46414083174994
3.1800000000000024,-2.5890293495290906,-0.5948418316398215,20.221287531385915,6.131941827415625,6.283015507310496,0.0,-1.6724948486710667,-1.2046165870168788,5.450810157561865,-0.12432840570908087,-0.06587923400078607,0.0,497.13167516072417,497.9823349335438,496.957464540235,496.00188135908104
3.2400000000000024,-2.689478123328462,-0.6696656550821453,20.547196484243166,6.124322928470615,6.279073404884157,0.0,-1.6754885305563372,-1.2901539454963031,5.412862212302219,-0.13289352441127986,-0.06534916936738025,0.0,423.9615356268185,424.0036636074801,424.302537521207,423.5507996807736
3.3000000000000025,-2.7900262595550682,-0.7503363649941345,20.874430193964027,6.116195453427109,6.274921098079107,0.0,-1.6757300657946155,-1.3996024537332163,5.494340335749393,-0.14114844369981658,-0.07831297099282565,0.0,462.1157396124716,461.08904455924755,463.0787607945417,462.412634988318
3.3600000000000025,-2.890518200462931,-0.8375065716783618,21.205146961651078,6.107570561791572,6.270786165502914,0.0,-1.673610395359721,-1.506828331440133,5.52917400453016,-0.14952590325151158,-0.054754194885341445,0.0,447.9450516744727,449.85333294345133,449.1635188160802,448.4643350434182
3.4200000000000026,-2.990808023999861,-0.931325949291482,21.538206984033017,6.098431547078777,6.267664946796382,0.0,-1.6690941658029823,-1.6212866052869725,5.572363592787489,-0.1585734497666268,-0.047049173501184205,0.0,451.51644059148236,452.136021520229,453.220147874861,452.47076392151047
3.4800000000000026,-3.0908251651559953,-1.0315542809025475,21.870455284075447,6.088753465886949,6.26485794910287,0.0,-1.6645940224432072,-1.7204533723573556,5.502677269261449,-0.16739818015799093,-0.04625694042153033,0.0,416.6029926824957,416.6708091722558,416.33427367794155,415.534470540383
3.5400000000000027,-3.1905060525025686,-1.1381309663532955,22.199721069978317,6.079283297667782,6.262328312830036,0.0,-1.657884723779047,-1.8329264156823097,5.472709043917174,-0.14349471485788035,-0.03502195596805016,0.0,428.7195131393611,429.67217393742675,428.8705596410607,430.87139193489924
3.6000000000000028,-3.2897620328601596,-1.2514437472433484,22.526338437864506,6.070600191370959,6.260537184468426,0.0,-1.650491857035177,-1.944896803287073,5.414538315491751,-0.14728240920966512,-0.021123826326260177,0.0,419.13092315301327,420.33695061888034,421.11962117024996,420.7709173387853
3.660000000000003,-3.3884591546359237,-1.372449340659445,22.85325789782467,6.0613920621478155,6.2586762250755665,0.0,-1.6392913848618509,-2.089409311280032,5.482081212433191,-0.17019806849146846,-0.07480726371307789,0.0,464.4853674709186,460.2543984208336,461.17000306867106,459.33420072631844
3.720000000000003,-3.4865056801303744,-1.501692542924895,23.181443828217546,6.051207608617551,6.253994754825083,0.0,-1.628546432958201,-2.219565296100505,5.457212986411707,-0.16884312277390326,-0.08538756848920794,0.0,433.43009901521225,432.5347209225065,433.1915952194399,433.2771130594648
3.780000000000003,-3.583756521449579,-1.6394611911630745,23.510358798500192,6.0408378291142455,6.248760593035861,0.0,-1.6126713648108042,-2.3736152187510977,5.505952828510909,-0.18229843591435593,-0.09121310919509801,0.0,457.4204170175417,456.9500907445683,458.35157588501147,457.2528276231994
3.840000000000003,-3.6799232454840904,-1.7868829204123944,23.84296216174487,6.029624005291232,6.243075175956534,0.0,-1.5923565814741467,-2.5414103058562247,5.579955400836856,-0.19817932479373512,-0.1029956372108641,0.0,467.0428620412851,466.1155754746066,467.7563507717067,466.485378168806
3.900000000000003,-3.774854079504247,-1.9439930384994544,24.177606275183734,6.0172383200652035,6.236700008373218,0.0,-1.5714665633588007,-2.6966123123609207,5.57435990291,-0.23297234823903898,-0.11371929014882887,0.0,444.21024323614296,443.31982075383223,444.4294277012579,441.5241507800977
3.960000000000003,-3.868600083431241,-2.109627260911862,24.50815270356173,6.002888082564748,6.229951887784839,0.0,-1.552913773980991,-2.8256354002820196,5.443993422142939,-0.25592642325772497,-0.11008003758826197,0.0,401.4685481953941,401.7859812588862,402.55655434907413,400.40871706290045
4.020000000000002,-3.9607761460200317,-2.285076629303941,24.83723701609323,5.988130980000044,6.224044595072595,0.0,-1.5190319193668196,-3.02398281753552,5.524294058306996,-0.23115196233902696,-0.08185730118757222,0.0,470.48299089780295,472.6553018185248,471.4373202915162,473.2906567765737
4.080000000000001,-4.050872746383129,-2.4723805664317355,25.16992269834146,5.973952941605866,6.218923419050366,0.0,-1.48373669176668,-3.2206526173839247,5.564235918737451,-0.24932598713949838,-0.09346109852078532,0.0,461.0014804805652,460.0777088047082,463.73873989653003,462.2549087894216
4.14,-4.138888667631305,-2.6711069683855784,25.50287603261867,5.958712816232698,6.213781357390518,0.0,-1.4496791999248406,-3.404777318057954,5.533545651108415,-0.26551473852261886,-0.07350774340343792,0.0,440.08996577891816,441.7324909180765,441.5733506877583,440.16969914429893
4.199999999999998,-4.224937264597083,-2.880400337235374,25.83169653929698,5.943150284122634,6.208843685650496,0.0,-1.4182489893887187,-3.5728879721932145,5.4268583769349785,-0.2493096269615433,-0.11255813186991193,0.0,418.5065486930092,415.0859617244054,414.83243230444305,416.18019199395025
4.259999999999997,-4.308199341695087,-3.1036438615445547,26.16420427818288,5.927938001331777,6.201740073894539,0.0,-1.3564127359294582,-3.869812470433862,5.654283651817764,-0.2636997878383251,-0.13381679592597853,0.0,524.6478335848634,523.1589450612947,523.0107534203167,521.9530442854415
4.319999999999996,-4.388410627016533,-3.341504549157963,26.500630119519947,5.912529773197294,6.193530648832841,0.0,-1.3166683003060766,-4.060083030670417,5.559440938855892,-0.24572941669829834,-0.14363328716832738,0.0,426.6750277290289,425.81762005854335,425.59033596807393,427.0562988260876
4.379999999999995,-4.465573823411344,-3.5931454970896057,26.83669541884414,5.898173472048654,6.184449779746544,0.0,-1.2546126430911904,-4.3290455752362815,5.64104218250417,-0.22877480542772713,-0.17489387975338944,0.0,487.8272241813369,485.46657899664643,484.7540216079793,485.9744788196178
4.439999999999993,-4.539159583207576,-3.8599190206872045,27.174333163111328,5.8855389958796245,6.174222156479168,0.0,-1.197376305303491,-4.564389505235307,5.612575029351756,-0.18804683179115284,-0.16281977291095678,0.0,453.4590495873008,454.40085682436666,452.31899403513063,455.54330889184956
4.499999999999992,-4.609013250811509,-4.141442136321823,27.511116448022157,5.873978520514758,6.164454329442183,0.0,-1.1302364684573614,-4.820531546519396,5.612354926631695,-0.20404580399377642,-0.16275190598121694,0.0,465.1671473103703,465.1485157118895,466.5124868730888,465.226610576362
4.559999999999991,-4.674810966856083,-4.43803387404356,27.846566520590102,5.861541928865687,6.154486644065823,0.0,-1.0622124582006076,-5.066761906172162,5.568308706105425,-0.2146653249973016,-0.17390711267528547,0.0,453.75001394845305,452.82744016004835,454.2261669408888,453.33205651259703
4.6199999999999894,-4.736112522636069,-4.750360234428988,28.180884717562762,5.848452809110874,6.143810113939214,0.0,-0.9802721335888446,-5.344990779562252,5.574142842532112,-0.22622453333438997,-0.1875496980337494,0.0,472.847888824432,471.76675652646134,473.4991963445651,472.56476026505044
4.679999999999988,-4.792444917475642,-5.079161843938025,28.51439818010304,5.835424327339652,6.132684809189282,0.0,-0.8965577677289537,-5.615960293113581,5.541640739926318,-0.2033598867330675,-0.18147923609261596,0.0,462.8462320192262,463.292009396888,462.55873921920903,464.311249104376
4.739999999999987,-4.8432347965415,-5.4253491740782405,28.847669068948097,5.822666620500415,6.121768718904677,0.0,-0.7955157656650641,-5.9243359018611,5.5655711335229,-0.24693603546024115,-0.18286054011588299,0.0,485.4702203737324,485.33756993825796,486.37018358879794,483.05178519605835
4.799999999999986,-4.887462382501932,-5.791049728982308,29.183702707527427,5.80776632771995,6.110567744873276,0.0,-0.6778014565816673,-6.266477669108374,5.633095713808867,-0.2512947459442525,-0.19568472865673048,0.0,503.9553978390861,502.9978143335127,503.33413758683065,502.9645686271889
4.859999999999984,-4.925114068569025,-6.175667377317627,29.519873346160352,5.792929825956863,6.099067250726279,0.0,-0.5763695568962474,-6.555018231697704,5.571023319156651,-0.2402649382795693,-0.1846768817212266,0.0,465.5127096080204,466.3395043433804,465.1832460646883,465.9880806831993
4.919999999999983,-4.957129708576107,-6.576208066055845,29.8490822838263,5.779036758014705,6.087625660082605,0.0,-0.49002397609429094,-6.797335288463466,5.401837777449145,-0.21820725013087913,-0.20676912147401474,0.0,431.11869127982476,429.2099450820603,430.30624470718595,432.1143310678276
4.979999999999982,-4.983264944820852,-6.992773643888275,30.17030683437531,5.766192032109785,6.075311510154304,0.0,-0.38024288897457303,-7.088951999919872,5.304223856629125,-0.2069007925647679,-0.2023380041238032,0.0,458.304936766964,458.61713447488876,459.28319177406365,460.13565201857796
5.0399999999999805,-5.0033684052129175,-7.425274568292224,30.48238859345773,5.754165849472642,6.063355137071955,0.0,-0.28904058182722303,-7.328688636809179,5.097896961723355,-0.18992758805793522,-0.19376479862811488,0.0,421.55964969493965,422.25881852699865,420.81897611080905,422.2441216669529
